🔍 驗證集結果 → Loss = 0.6892, Accuracy = 87.8721%
                      precision    recall  f1-score   support

      Apple__Healthy       0.94     #0.50     #0.65       487
       Apple__Rotten       0.84      0.98      0.90       585
     Banana__Healthy       0.92      0.89      0.90       399
      Banana__Rotten       0.95      0.99      0.97       559
 Bellpepper__Healthy       0.83      0.83      0.83       122
  Bellpepper__Rotten       0.56     #0.69     #0.62       118
     Carrot__Healthy       0.83      0.93      0.88       123
      Carrot__Rotten       0.81      0.83      0.82       115
   Cucumber__Healthy       0.87      0.98      0.92       121
    Cucumber__Rotten       0.95      0.92      0.93       118
      Grape__Healthy       0.77     #0.57     #0.66        40
       Grape__Rotten       0.57      0.90     #0.70        40
      Guava__Healthy       1.00      0.97      0.99        40
       Guava__Rotten       0.94      0.80      0.86        40
     Jujube__Healthy       0.87      0.85      0.86        40
      Jujube__Rotten       0.81     #0.75     #0.78        40
      Mango__Healthy       0.85      0.99      0.92       362
       Mango__Rotten       0.97      0.98      0.97       449
     Orange__Healthy       0.81      0.89      0.85       415
      Orange__Rotten       0.92      0.92      0.92       437
Pomegranate__Healthy       0.56      1.00     #0.72        40
 Pomegranate__Rotten       0.86     #0.45     #0.59        40
     Potato__Healthy       0.81      0.87      0.84       122
      Potato__Rotten       0.76     #0.78     #0.77       116
 Strawberry__Healthy       0.99      0.99      0.99       320
  Strawberry__Rotten       0.97      0.98      0.98       319
     Tomato__Healthy       0.90     #0.63     #0.75       120
      Tomato__Rotten       0.80     #0.55     #0.65       119

            accuracy                           0.88      5846
           macro avg       0.85      0.84      0.83      5846
        weighted avg       0.89      0.88      0.87      5846

Confusion Matrix:
 [[243  56   1   0   6   4  13   4   3   0   0   0   0   0   0   0  47   243  14  27   2   3   9   0   1   1   8]
 [  5 576   1   0   0   0   0   0   0   0   0   0   0   0   0   0   0   0 3   0   0   0   0   0   0   0   0   0]
 [  4   5 354   4   0   2   0   0   0   0   0   1   0   0   0   0   7   2 1   0   0   0  11   5   3   0   0   0]
 [  0   4   2 552   0   0   0   0   0   0   0   0   0   0   0   0   0   0 0   0   0   0   0   0   0   1   0   0]
 [  0   0   2   0 101  12   0   0   6   0   0   0   0   0   0   0   0   0 0   0   0   0   0   0   0   0   1   0]
 [  0   3   2   2   5  82   3   3   6   1   0   0   0   0   0   0   0   2 0   0   0   0   1   3   0   0   2   3]
 [  0   1   0   0   0   0 115   5   0   0   0   0   0   0   0   0   0   0 0   0   1   0   1   0   0   0   0   0]
 [  0   0   0   2   0   4   4  96   0   0   0   0   0   0   0   0   0   0 0   1   0   0   2   4   0   0   2   0]
 [  0   0   0   0   2   0   0   0 118   1   0   0   0   0   0   0   0   0 0   0   0   0   0   0   0   0   0   0]
 [  0   0   2   1   0   1   0   0   1 108   0   0   0   0   0   0   2   0 1   0   0   0   0   2   0   0   0   0]
 [  0   0   0   0   0   0   0   0   0   2  23  15   0   0   0   0   0   0 0   0   0   0   0   0   0   0   0   0]
 [  0   0   0   0   0   0   0   0   0   0   4  36   0   0   0   0   0   0 0   0   0   0   0   0   0   0   0   0]
 [  0   0   0   0   0   0   0   0   0   0   1   0  39   0   0   0   0   0 0   0   0   0   0   0   0   0   0   0]
 [  0   4   0   0   0   1   0   0   0   0   0   0   0  32   0   2   0   0 0   1   0   0   0   0   0   0   0   0]
 [  0   0   1   0   0   0   0   0   0   0   1   0   0   1  34   3   0   0 0   0   0   0   0   0   0   0   0   0]
 [  0   0   1   2   0   3   0   0   0   0   0   0   0   0   0  30   0   1 1   1   0   0   1   0   0   0   0   0]
 [  0   0   1   0   0   0   0   0   0   0   0   0   0   0   0   0 358   3 0   0   0   0   0   0   0   0   0   0]
 [  0   0   0   3   0   0   0   0   0   0   0   0   0   0   0   0   1 441 0   0   0   0   0   0   0   4   0   0]
 [  0   0   6   0   3   2   3   0   0   0   1  10   0   1   5   0   5   371   7   0   0   0   0   0   0   0   0]
 [  0  18   0   3   0   0   0   0   0   0   0   0   0   0   0   0   0   16  400   0   0   0   0   0   0   0   0]
 [  0   0   0   0   0   0   0   0   0   0   0   0   0   0   0   0   0   0 0   0  40   0   0   0   0   0   0   0]
 [  0  13   0   0   0   7   0   0   0   0   0   0   0   0   0   1   0   0 0   1   0  18   0   0   0   0   0   0]
 [  1   1   4   1   0   0   0   1   0   0   0   0   0   0   0   0   0   0 1   2   0   0 106   5   0   0   0   0]
 [  1   0   5   5   0   1   0   4   0   0   0   1   0   0   0   0   0   2 0   0   0   0   6  91   0   0   0   0]
 [  0   0   0   0   0   0   0   0   0   0   0   0   0   0   0   0   0   0 0   0   0   0   0   0 317   0   1   2]
 [  0   0   0   4   0   0   0   0   0   0   0   0   0   0   0   0   0   1 0   0   0   0   0   0   0 314   0   0]
 [  3   1   2   0   4  21   0   1   1   1   0   0   0   0   0   0   0   0 2   0   2   0   0   0   0   2  76   4]
 [  2   6   0   0   1   6   0   4   0   1   0   0   0   0   0   1   0   1 8   8   1   1   0   0   1   1   1  66]]