🔍 驗證集結果 → Loss = 0.3589, Accuracy = 89.0331%
                      precision    recall  f1-score   support

      Apple__Healthy       0.77      0.94      0.85      2438 up
       Apple__Rotten       0.87      0.85      0.86      2923
     Banana__Healthy       0.93      0.93      0.93      1997
      Banana__Rotten       0.98      0.96      0.97      2797
 Bellpepper__Healthy       0.98      0.79      0.88       608
  Bellpepper__Rotten       0.61      0.85      0.71       591 up
     Carrot__Healthy       0.89      0.90      0.89       608
      Carrot__Rotten       0.86      0.75      0.80       578
   Cucumber__Healthy       0.91      0.90      0.91       602
    Cucumber__Rotten       0.88      0.88      0.88       593
      Grape__Healthy       0.86      0.74      0.79       200 up
       Grape__Rotten       0.78      0.89      0.83       200 up
      Guava__Healthy       0.95      0.97      0.96       200
       Guava__Rotten       0.89      0.83      0.86       200
     Jujube__Healthy       0.92      0.93      0.93       200
      Jujube__Rotten       0.89      0.92      0.90       200 up
      Mango__Healthy       0.89      0.95      0.92      1813
       Mango__Rotten       0.98      0.89      0.94      2233
     Orange__Healthy       0.89      0.90      0.90      2075
      Orange__Rotten       0.94      0.80      0.86      2186 up
Pomegranate__Healthy       0.95      0.83      0.89       200 up
 Pomegranate__Rotten       0.72      0.85      0.78       200
     Potato__Healthy       0.84      0.83      0.84       612
      Potato__Rotten       0.85      0.67      0.75       584 noup
 Strawberry__Healthy       0.96      0.97      0.97      1603
  Strawberry__Rotten       0.94      0.95      0.95      1571
     Tomato__Healthy       0.82      0.88      0.85       602 up
      Tomato__Rotten       0.81      0.77      0.79       583 up

            accuracy                           0.89     29197
           macro avg       0.88      0.87      0.87     29197
        weighted avg       0.90      0.89      0.89     29197

Confusion Matrix:
 [[2296   46    2    2    2   11    2    1    4    0    0    0    0    0
     0    0    4    1   23   13    6    3    0    0    0    5    4   13]
 [ 284 2496    8    3    0   25    0    3    1   10    0    0    0    8
     0    5    0    7   15    8    0   30    4    1    3    8    2    2]
 [  52    5 1854    4    0    3    2    0    1    2    0    0    0    0
     2    0   42    4    1    2    0    0   15    0    2    0    1    5]
 [  15   11   37 2677    0    4    0    6    0    8    0    0    0    2
     1    0    0    1    0    2    0    0    3   12    0   17    0    1]
 [   9    0    0    0  483   68    4    0   22    2    0    0    0    0
     0    0    0    1    3    7    0    2    0    0    0    0    7    0]
 [   8    3    5    2    3  501    6   10    7   11    0    0    0    0
     0    1    0    3    2    1    0    1    0    4    1    5    7   10]
 [   1    2    0    0    1    6  545   17    0    0    0    0    0    0
     0    0    1    0    2    1    1    7    2    0    0    2   10   10]
 [   5    1    0    4    0   34   32  436    0    1    0    0    0    0
     0    0    0    0    2    3    0    1    1   12    2    9   25   10]
 [  25    0    0    0    2   23    0    0  543    8    0    0    0    0
     0    0    0    0    0    0    0    0    0    0    0    0    1    0]
 [  22    0    3    2    0   23    0    0   14  523    0    0    0    0
     0    0    1    0    2    0    0    0    0    1    0    0    2    0]
 [   3    0    0    0    0    1    0    0    0    1  148   36    6    0
     4    0    0    0    0    0    0    0    0    0    0    0    1    0]
 [   0    0    0    0    0    0    0    0    0    0   18  178    2    0
     0    0    0    0    0    1    0    0    1    0    0    0    0    0]
 [   2    0    0    0    0    0    0    0    1    0    1    0  195    0
     0    0    1    0    0    0    0    0    0    0    0    0    0    0]
 [   0    6    5    1    0    1    0    0    1    0    0    1    0  167
     0    6    0    0    0    1    1    5    3    0    0    0    0    2]
 [   0    0    3    0    0    3    0    0    1    4    1    0    0    0
   186    1    0    0    0    1    0    0    0    0    0    0    0    0]
 [   0    1    0    1    0    1    0    1    0    0    0    0    0    2
     4  183    0    0    0    3    0    2    0    2    0    0    0    0]
 [  59    2   14    0    0    1    0    0    0    0    0    0    2    0
     0    0 1714    9    3    0    0    0    0    0    5    0    3    1]
 [  39    9   12    5    1   19    0    0    0   11    0    0    0    1
     0    1   77 1997    2    4    0    0   12    5    2   32    0    4]
 [  43   23    5    0    2    3    8    1    0    0    4   11    0    4
     5    4   44    0 1863   47    0    1    0    0    0    0    4    3]
 [  20  213    3    4    0    2    4    4    0    3    1    0    0    1
     0    2    2    0  156 1740    0    6    9    1    0    0    1   14]
 [   6    9    0    0    0    4    2    0    0    0    0    0    0    0
     0    0    3    0    2    1  166    0    0    0    1    0    6    0]
 [   0   21    0    0    0    2    0    0    0    0    0    0    0    0
     0    0    0    0    0    1    0  171    1    0    1    3    0    0]
 [   8    9   26    4    0    7    1    4    0    1    0    0    0    0
     0    1    0    2    2    5    0    0  509   28    2    2    0    1]
 [  26    8   18   20    0   17    1   23    0   11    0    1    0    2
     0    0    2    3    0    9    0    0   43  391    0    4    2    3]
 [   4    0    0    0    0    2    0    0    0    0    0    0    0    0
     0    0    0    1    0    0    0    0    0    0 1561    8   11   16]
 [   1    1    0    6    0   19    0    2    0    0    0    0    0    0
     0    0   26    7    0    0    0    3    0    0    4 1494    6    2]
 [  23    1    1    0    0   25    3    0    0    1    0    0    0    0
     0    0    0    0    0    0    0    0    1    0   10    0  528    9]
 [  13   11    0    0    0   16    2    0    0    0    0    0    0    0
     0    1   13    2    7    7    0    4    2    2   30    0   23  450]]

(venv) C:\vegtable\fruit28_cls>